0 0.501717 0.471963 0.022050 0.022900
0 0.531688 0.465881 0.026958 0.028113
0 0.742258 0.473897 0.028600 0.028356
0 0.649879 0.451828 0.030575 0.014794
0 0.596617 0.448006 0.024000 0.011588
0 0.564067 0.448991 0.026633 0.015044
0 0.461971 0.445909 0.030275 0.015781
0 0.502587 0.447872 0.030575 0.016256
0 0.295304 0.483266 0.028275 0.016519
0 0.314371 0.493744 0.036825 0.018738
0 0.254042 0.462553 0.040433 0.026381
0 0.200950 0.451437 0.034850 0.026875
0 0.338863 0.440234 0.025975 0.014794
0 0.304671 0.438388 0.031892 0.010600
0 0.359579 0.437769 0.016108 0.005425
0 0.111525 0.466250 0.020383 0.022438
0 0.113004 0.445662 0.020058 0.019725
0 0.115629 0.430741 0.023342 0.007644
0 0.321854 0.653284 0.042408 0.030044
0 0.267662 0.842356 0.023558 0.015900
0 0.035592 0.887859 0.037700 0.018556
0 0.973888 0.583928 0.041225 0.043294
0 0.514692 0.663269 0.039583 0.034988
